6
0 29 20 21 16 31
29 0 15 29 28 40
20 15 0 15 14 25
21 29 15 0 4 12
16 28 14 4 0 16
31 40 25 12 16 0
1