12
0 141 134 152 173 289 326 329 285 401 388 366
141 0 152 150 153 312 354 313 249 324 300 272
134 152 0 24 48 168 210 197 153 280 272 257
152 150 24 0 24 163 206 182 133 257 248 233
173 153 48 24 0 160 203 167 114 234 225 210
289 312 168 163 160 0 43 90 124 250 264 270
326 354 210 206 203 43 0 108 157 271 290 299
329 313 197 182 167 90 108 0 70 164 183 195
285 249 153 133 114 124 157 70 0 141 147 148
401 324 280 257 234 250 271 164 141 0 36 67
388 300 272 248 225 264 290 183 147 36 0 33
366 272 257 233 210 270 299 195 148 67 33 0
0